0.226344
0.378544
0.178348
0.253925
0.286540
0.843477
0.092802
0.572738
0.718789
0.408426
0.481433
0.540139
0.818168
0.905788
0.890761
0.441396
0.711605
0.535336
0.144992
0.053182
0.358523
0.881224
0.995274
0.233768
0.558604
0.058354
0.786117
0.830277
0.337144
0.089834
0.774880
0.815907
0.655508
0.709683
0.146968
0.272406
0.123818
0.299773
0.912440
0.768183
0.839530
0.579138
0.933229
0.400918
0.336559
0.272871
0.141947
0.795111
0.373170
0.883685
0.336829
0.026914
0.886047
0.719357
0.111469
0.444425
0.821102
0.725568
0.190796
0.207720
0.864831
0.598548
0.616556
0.294177
0.998129
0.195459
0.551425
0.688369
0.466240
0.356878
0.201276
0.448697
0.310076
0.093335
0.226344
0.639254
0.709617
0.500172
0.355817
0.169591
0.288089
0.738334
0.899506
0.632494
0.812820
0.280379
0.306281
0.350003
0.222200
0.413336
0.417952
0.039689
0.164936
0.859248
0.314741
0.233548
0.137224
0.690830
0.981414
0.677280
0.696093
0.285723
0.951783
0.795849
0.548421
0.451985
0.655916
0.772618
0.474793
0.396735
0.856829
0.223916
0.009927
0.504096
0.955094
0.326652
0.806737
0.523269
0.676681
0.646632
0.762270
0.783467
0.117507
0.878896
0.362012
0.889382
0.454555
0.538672
0.198302
0.826202
0.925690
0.169078
0.993864
0.569417
0.157599
0.377054
0.761030
0.701837
0.301517
0.984482
0.944399
0.617739
0.581010
0.722991
0.504402
0.111077
0.812260
0.093335
